{
    "frames": [
        {
            "file_path": "0061",
            "transform_matrix": [
                [
                    0.9894930571401322,
                    -0.002959537830127684,
                    0.14454967838315969,
                    0.6638943182062439
                ],
                [
                    0.1245681042761472,
                    0.5249561181778304,
                    -0.8419642108003502,
                    -3.548063647591009
                ],
                [
                    -0.07339045244517911,
                    0.8511240633067041,
                    0.5198091294984584,
                    2.1859891588258202
                ],
                [
                    0.0,
                    0.0,
                    0.0,
                    1.0
                ]
            ]
        },
        {
            "file_path": "0062",
            "transform_matrix": [
                [
                    -0.7355740281323595,
                    0.3990864532403146,
                    -0.5474128709794264,
                    -2.4757231757123286
                ],
                [
                    -0.6728035138815213,
                    -0.33594038977009166,
                    0.6591505955463118,
                    2.94609288746058
                ],
                [
                    0.07915998251662819,
                    0.8531553586298547,
                    0.515616006619692,
                    2.1703484613499007
                ],
                [
                    0.0,
                    0.0,
                    0.0,
                    1.0
                ]
            ]
        },
        {
            "file_path": "0063",
            "transform_matrix": [
                [
                    -0.6684968231886215,
                    -0.30406776972642485,
                    0.6787155194997759,
                    2.8816865891482046
                ],
                [
                    0.7430783239076608,
                    -0.31083150576129376,
                    0.5926367720496333,
                    2.6419197640645593
                ],
                [
                    0.030764474595017858,
                    0.9005146827650414,
                    0.4337361603356417,
                    1.7908715048751709
                ],
                [
                    0.0,
                    0.0,
                    0.0,
                    1.0
                ]
            ]
        },
        {
            "file_path": "0064",
            "transform_matrix": [
                [
                    0.7789133855761335,
                    -0.1836641596540555,
                    0.5996343869475729,
                    2.4257343915610257
                ],
                [
                    0.6230323899550358,
                    0.3357670570551372,
                    -0.7064638645471721,
                    -2.760754831962174
                ],
                [
                    -0.07158535773098627,
                    0.9238658601691178,
                    0.3759621941713394,
                    1.4593975168744808
                ],
                [
                    0.0,
                    0.0,
                    0.0,
                    1.0
                ]
            ]
        },
        {
            "file_path": "0065",
            "transform_matrix": [
                [
                    0.6982910000247717,
                    0.33529310893772324,
                    -0.6324304220104773,
                    -2.4425528103877565
                ],
                [
                    -0.715801617247827,
                    0.32188520147756855,
                    -0.6196918187813554,
                    -2.41691594609546
                ],
                [
                    -0.0042084680939460635,
                    0.8854199344177549,
                    0.4647729179356551,
                    1.7990334876175
                ],
                [
                    0.0,
                    0.0,
                    0.0,
                    1.0
                ]
            ]
        },
        {
            "file_path": "0066",
            "transform_matrix": [
                [
                    -0.7381975829855131,
                    0.3317641861343375,
                    -0.5873642774409314,
                    -2.397934983973497
                ],
                [
                    -0.6698647851820041,
                    -0.2576919322552183,
                    0.6963303801296598,
                    2.749500299850707
                ],
                [
                    0.0796584071301362,
                    0.9074841160296868,
                    0.4124648761724309,
                    1.6111355579324975
                ],
                [
                    0.0,
                    0.0,
                    0.0,
                    1.0
                ]
            ]
        },
        {
            "file_path": "0067",
            "transform_matrix": [
                [
                    -0.9525868687294374,
                    -0.04149331520661204,
                    0.30142443860066753,
                    1.1992942163546523
                ],
                [
                    0.2960444464724501,
                    -0.3551443802767729,
                    0.8866961775877464,
                    3.339134483848857
                ],
                [
                    0.07025725867298342,
                    0.9338901890112422,
                    0.350589723461317,
                    1.3463340162095372
                ],
                [
                    0.0,
                    0.0,
                    0.0,
                    1.0
                ]
            ]
        },
        {
            "file_path": "0068",
            "transform_matrix": [
                [
                    0.48389568087208185,
                    -0.17870917071019696,
                    0.8566843149463484,
                    3.2859570030019896
                ],
                [
                    0.8731671568429883,
                    0.1640513737139066,
                    -0.45898397617597875,
                    -1.776426423280795
                ],
                [
                    -0.05851565445540814,
                    0.9701289235686257,
                    0.23542671714159538,
                    0.9172333726175688
                ],
                [
                    0.0,
                    0.0,
                    0.0,
                    1.0
                ]
            ]
        },
        {
            "file_path": "0069",
            "transform_matrix": [
                [
                    0.9174021436093583,
                    0.17150506787541606,
                    -0.3591091232245863,
                    -1.2993263491111513
                ],
                [
                    -0.3958912617708082,
                    0.3013861091885806,
                    -0.8674309306703352,
                    -3.27112399987611
                ],
                [
                    -0.040538358790909834,
                    0.9379511641164665,
                    0.3443895981726168,
                    1.3154951510057586
                ],
                [
                    0.0,
                    0.0,
                    0.0,
                    1.0
                ]
            ]
        },
        {
            "file_path": "0070",
            "transform_matrix": [
                [
                    -0.41620138400111084,
                    0.32657165676402633,
                    -0.8486032514551252,
                    -3.164912207389988
                ],
                [
                    -0.9072895625621058,
                    -0.08755413160180113,
                    0.41129064144489963,
                    1.4685709675604541
                ],
                [
                    0.06001710877677754,
                    0.9411084055878564,
                    0.3327350283305929,
                    1.2779736046298724
                ],
                [
                    0.0,
                    0.0,
                    0.0,
                    1.0
                ]
            ]
        }
    ]
}