{
    "frames": [
        {
            "file_path": "0061",
            "transform_matrix": [
                [
                    -0.5004891968993471,
                    0.027017828700557012,
                    0.8653210105707277,
                    3.2367751242749687
                ],
                [
                    0.8402015103497017,
                    -0.22583404513607022,
                    0.49301154116661333,
                    1.9099854364968119
                ],
                [
                    0.20873912061260802,
                    0.9737911567158248,
                    0.09032706961820898,
                    0.3509782971838216
                ],
                [
                    0.0,
                    0.0,
                    0.0,
                    1.0
                ]
            ]
        },
        {
            "file_path": "0062",
            "transform_matrix": [
                [
                    0.7112763817572513,
                    0.04538000132427896,
                    0.701445912805871,
                    2.661436296802219
                ],
                [
                    0.6851884944540576,
                    0.1779180727528341,
                    -0.7063016169757463,
                    -2.622812073172415
                ],
                [
                    -0.15685177569381722,
                    0.9829985069906562,
                    0.09545512439847831,
                    0.35144573161352644
                ],
                [
                    0.0,
                    0.0,
                    0.0,
                    1.0
                ]
            ]
        },
        {
            "file_path": "0063",
            "transform_matrix": [
                [
                    0.641039286388216,
                    0.48448632049617396,
                    -0.5952659978622541,
                    -2.525533389714496
                ],
                [
                    -0.7425063401400452,
                    0.19512655863326364,
                    -0.6407885901560085,
                    -2.6265647172278928
                ],
                [
                    -0.19430110863014963,
                    0.8527593266528496,
                    0.48481800503707884,
                    1.905087870116423
                ],
                [
                    0.0,
                    0.0,
                    0.0,
                    1.0
                ]
            ]
        },
        {
            "file_path": "0064",
            "transform_matrix": [
                [
                    -0.16245761115677498,
                    0.5009454059166236,
                    -0.850094872845052,
                    -3.1029817408816016
                ],
                [
                    -0.9861844468973083,
                    -0.05417149356232503,
                    0.15654275858685654,
                    0.5474458845186991
                ],
                [
                    0.03236847492041049,
                    0.8637819324541585,
                    0.5028250994528163,
                    1.778135317810875
                ],
                [
                    0.0,
                    0.0,
                    0.0,
                    1.0
                ]
            ]
        },
        {
            "file_path": "0065",
            "transform_matrix": [
                [
                    -0.951249873946409,
                    0.3012663246836926,
                    0.06604808952403493,
                    0.20744113480770604
                ],
                [
                    -0.016878609385587797,
                    -0.2646780666738361,
                    0.9641892180548537,
                    3.6875500671341883
                ],
                [
                    0.3079592074082077,
                    0.9160698853107955,
                    0.2568599447511094,
                    0.9129468009310451
                ],
                [
                    0.0,
                    0.0,
                    0.0,
                    1.0
                ]
            ]
        },
        {
            "file_path": "0066",
            "transform_matrix": [
                [
                    -0.11585957054185561,
                    0.06367547068373346,
                    0.9912225780681941,
                    3.5283444817502865
                ],
                [
                    0.9867714346460593,
                    -0.10655133855693368,
                    0.12218409970546873,
                    0.44010359753504974
                ],
                [
                    0.11339622578193499,
                    0.9922662135542627,
                    -0.0504881681071884,
                    -0.22194118464180385
                ],
                [
                    0.0,
                    0.0,
                    0.0,
                    1.0
                ]
            ]
        },
        {
            "file_path": "0067",
            "transform_matrix": [
                [
                    0.9644401884427999,
                    0.21370690300664807,
                    0.15551295417933644,
                    0.5996965948666372
                ],
                [
                    0.11378115530545586,
                    0.19536667088981224,
                    -0.9741077319851362,
                    -3.464303060863456
                ],
                [
                    -0.2385555195339091,
                    0.9571632201402853,
                    0.16410367417375119,
                    0.520902630578644
                ],
                [
                    0.0,
                    0.0,
                    0.0,
                    1.0
                ]
            ]
        },
        {
            "file_path": "0068",
            "transform_matrix": [
                [
                    0.6356006024782982,
                    0.30448915935331,
                    -0.7094351678566228,
                    -3.412648371872023
                ],
                [
                    -0.7489802667385328,
                    0.020390643364216084,
                    -0.6622785092782945,
                    -3.1110698988192698
                ],
                [
                    -0.187190779219582,
                    0.9522974257318512,
                    0.2410167256182234,
                    1.1879885537896648
                ],
                [
                    0.0,
                    0.0,
                    0.0,
                    1.0
                ]
            ]
        },
        {
            "file_path": "0069",
            "transform_matrix": [
                [
                    -0.2628376253610077,
                    0.3514418909961165,
                    -0.8985570025587175,
                    -3.878964402814107
                ],
                [
                    -0.9618793270936317,
                    -0.02254190990856125,
                    0.27254358114635824,
                    1.1140125569752812
                ],
                [
                    0.07552799988781433,
                    0.9359382408429722,
                    0.34396954634968097,
                    1.516849344207433
                ],
                [
                    0.0,
                    0.0,
                    0.0,
                    1.0
                ]
            ]
        },
        {
            "file_path": "0070",
            "transform_matrix": [
                [
                    -0.9341377086581988,
                    0.3385829267227672,
                    0.11290888233137461,
                    0.5033280246453217
                ],
                [
                    0.07818449076594101,
                    -0.11454424881971045,
                    0.9903367587685692,
                    4.521059785705609
                ],
                [
                    0.3482442081817327,
                    0.933938420004367,
                    0.0805281707381251,
                    0.3219054795682202
                ],
                [
                    0.0,
                    0.0,
                    0.0,
                    1.0
                ]
            ]
        }
    ]
}