{
    "frames": [
        {
            "file_path": "0000",
            "transform_matrix": [
                [
                    0.6720144622460522,
                    0.35445357190472226,
                    -0.6501993741974732,
                    -2.229966685878526
                ],
                [
                    -0.7376862458605817,
                    0.24343713441317888,
                    -0.6297279819516197,
                    -2.1923067955121693
                ],
                [
                    -0.0649266571455765,
                    0.9028296295373199,
                    0.42506874859277194,
                    1.4158763509816608
                ],
                [
                    0.0,
                    0.0,
                    0.0,
                    1.0
                ]
            ]
        },
        {
            "file_path": "0007",
            "transform_matrix": [
                [
                    -0.7399442297834395,
                    0.33990763783216915,
                    -0.5804698223415513,
                    -2.0028760353970463
                ],
                [
                    -0.6678336126941764,
                    -0.2679433198649547,
                    0.6944095437470282,
                    2.402309365899765
                ],
                [
                    0.08050214347700532,
                    0.9014816793694109,
                    0.42526478440661225,
                    1.5082214557201703
                ],
                [
                    0.0,
                    0.0,
                    0.0,
                    1.0
                ]
            ]
        },
        {
            "file_path": "0014",
            "transform_matrix": [
                [
                    -0.26652144755001805,
                    -0.24996291570639803,
                    0.930851688928401,
                    2.9890287319738658
                ],
                [
                    0.9634434107468426,
                    -0.09640385553043818,
                    0.24996571801551012,
                    0.860679397989679
                ],
                [
                    0.02725558380934027,
                    0.9634443174828862,
                    0.26651887516996886,
                    0.9629469182699397
                ],
                [
                    0.0,
                    0.0,
                    0.0,
                    1.0
                ]
            ]
        },
        {
            "file_path": "0021",
            "transform_matrix": [
                [
                    0.996681872915279,
                    0.08139368846366628,
                    -0.00045510957174186943,
                    0.062193088727012034
                ],
                [
                    -0.02961414483082071,
                    0.3574110615504649,
                    -0.9334776014817976,
                    -3.1599068905729375
                ],
                [
                    -0.0758165098253206,
                    0.9303937488428222,
                    0.3586355223213688,
                    1.230442419098167
                ],
                [
                    0.0,
                    0.0,
                    0.0,
                    1.0
                ]
            ]
        },
        {
            "file_path": "0028",
            "transform_matrix": [
                [
                    -0.5936239552636511,
                    0.2775359648666132,
                    -0.7553702992342546,
                    -3.2115237514394157
                ],
                [
                    -0.803068266947772,
                    -0.1437840632495429,
                    0.5782796378374621,
                    2.4674358978509114
                ],
                [
                    0.051883256681524624,
                    0.9498946324974935,
                    0.30823400208557006,
                    1.4710505918391086
                ],
                [
                    0.0,
                    0.0,
                    0.0,
                    1.0
                ]
            ]
        },
        {
            "file_path": "0035",
            "transform_matrix": [
                [
                    -0.6493833921854156,
                    -0.07785406675283116,
                    0.7564653418854982,
                    2.998823082314364
                ],
                [
                    0.7577701402313751,
                    -0.14985895557592727,
                    0.6350800888738196,
                    2.5488069023252047
                ],
                [
                    0.06391955679470779,
                    0.9856374684395252,
                    0.15631144559392213,
                    0.7432270649997099
                ],
                [
                    0.0,
                    0.0,
                    0.0,
                    1.0
                ]
            ]
        },
        {
            "file_path": "0042",
            "transform_matrix": [
                [
                    0.9507038899123182,
                    0.022596998741278695,
                    0.30927597677041324,
                    1.2203559009706786
                ],
                [
                    0.29639635542340775,
                    0.22699462536661247,
                    -0.9276975688818083,
                    -3.5210965023832457
                ],
                [
                    -0.09116717114499798,
                    0.9736337439323582,
                    0.2091070227269037,
                    0.7653824658140072
                ],
                [
                    0.0,
                    0.0,
                    0.0,
                    1.0
                ]
            ]
        },
        {
            "file_path": "0049",
            "transform_matrix": [
                [
                    -0.003871603573331,
                    0.24936730879671692,
                    -0.968401319818709,
                    -4.064783014617356
                ],
                [
                    -0.9999453000340518,
                    0.008440911167290364,
                    0.006171260112637802,
                    0.016128627051748844
                ],
                [
                    0.009713112563798573,
                    0.9683721693484993,
                    0.24932100726722464,
                    1.0513251861156738
                ],
                [
                    0.0,
                    0.0,
                    0.0,
                    1.0
                ]
            ]
        },
        {
            "file_path": "0056",
            "transform_matrix": [
                [
                    -0.9892873462125982,
                    0.09838949890504167,
                    0.1078423362085396,
                    0.40182877992694327
                ],
                [
                    0.08983747600477543,
                    -0.17195236887616172,
                    0.9810003013812516,
                    3.762191870166469
                ],
                [
                    0.11506388866229393,
                    0.9801793637594403,
                    0.1612712149844183,
                    0.6369842810241529
                ],
                [
                    0.0,
                    0.0,
                    0.0,
                    1.0
                ]
            ]
        },
        {
            "file_path": "0063",
            "transform_matrix": [
                [
                    0.6115539247534312,
                    -0.008620411854162357,
                    0.7911556910964304,
                    3.333758375658903
                ],
                [
                    0.7890377723930441,
                    0.08056705331218153,
                    -0.6090388579362188,
                    -2.524564933628157
                ],
                [
                    -0.05849091426430992,
                    0.9967119511192987,
                    0.05607292341545268,
                    0.2147885170800707
                ],
                [
                    0.0,
                    0.0,
                    0.0,
                    1.0
                ]
            ]
        }
    ]
}